25.000 25.000 18676.1128 68.888
25.000 24.750 18720.8764 81.670
25.000 24.500 18747.6558 100.304
25.000 24.250 18783.5128 94.098
25.000 24.000 18822.9981 78.903
25.000 23.750 18856.1057 60.356
25.000 23.500 18901.9295 107.590
25.000 23.250 18928.4304 83.525
25.000 23.000 18982.6141 85.712
25.000 22.750 19019.1745 82.631
25.000 22.500 19058.1627 89.675
25.000 22.250 19095.7524 110.922
25.000 22.000 19135.8420 88.481
25.000 21.750 19177.4580 82.962
25.000 21.500 19215.9449 96.526
25.000 21.250 19262.2369 86.813
25.000 21.000 19310.7195 76.266
25.000 20.750 19358.8885 87.687
25.000 20.500 19400.0487 72.555
25.000 20.250 19434.7156 79.252
25.000 20.000 19489.6707 108.540
24.750 25.000 18711.2026 111.220
24.750 24.750 18744.9021 100.041
24.750 24.500 18779.3875 100.545
24.750 24.250 18824.7720 96.029
24.750 24.000 18863.6900 91.915
24.750 23.750 18908.0060 104.734
24.750 23.500 18940.3690 70.838
24.750 23.250 18979.6645 67.159
24.750 23.000 19026.5918 92.667
24.750 22.750 19063.2017 79.302
24.750 22.500 19108.9430 70.280
24.750 22.250 19156.6067 111.088
24.750 22.000 19189.1408 101.566
24.750 21.750 19237.2480 97.017
24.750 21.500 19271.8963 112.981
24.750 21.250 19314.9954 117.946
24.750 21.000 19364.7485 107.815
24.750 20.750 19409.8813 107.069
24.750 20.500 19458.1493 96.467
24.750 20.250 19502.3766 82.320
24.750 20.000 19552.1648 58.262
24.500 25.000 18750.6920 88.366
24.500 24.750 18782.5166 60.809
24.500 24.500 18825.0030 90.004
24.500 24.250 18863.5147 81.084
24.500 24.000 18908.4557 83.949
24.500 23.750 18945.6040 95.428
24.500 23.500 18990.6109 97.122
24.500 23.250 19034.5598 106.389
24.500 23.000 19064.3403 116.889
24.500 22.750 19118.5941 87.587
24.500 22.500 19154.7792 120.102
24.500 22.250 19202.5295 102.620
24.500 22.000 19242.8357 86.664
24.500 21.750 19294.5628 81.286
24.500 21.500 19335.8116 76.300
24.500 21.250 19379.1705 111.011
24.500 21.000 19421.7023 72.964
24.500 20.750 19471.6597 93.807
24.500 20.500 19522.7102 109.994
24.500 20.250 19567.7378 100.731
24.500 20.000 19620.7376 94.688
24.250 25.000 18788.6612 85.488
24.250 24.750 18829.2747 107.691
24.250 24.500 18856.1923 103.467
24.250 24.250 18903.9137 76.881
24.250 24.000 18941.0393 81.495
24.250 23.750 18991.0792 78.360
24.250 23.500 19029.0154 83.562
24.250 23.250 19070.7964 92.426
24.250 23.000 19118.1032 77.474
24.250 22.750 19162.1201 90.103
24.250 22.500 19211.7804 81.241
24.250 22.250 19249.1371 89.571
24.250 22.000 19293.1890 91.823
24.250 21.750 19345.9825 99.570
24.250 21.500 19386.8560 101.311
24.250 21.250 19430.5697 90.929
24.250 21.000 19489.2561 95.980
24.250 20.750 19526.2229 51.543
24.250 20.500 19577.6138 100.085
24.250 20.250 19632.0223 77.501
24.250 20.000 19664.8452 90.467
24.000 25.000 18824.9659 86.104
24.000 24.750 18864.4841 111.567
24.000 24.500 18909.2189 77.531
24.000 24.250 18954.7250 63.845
24.000 24.000 18994.0948 70.684
24.000 23.750 19032.8870 89.162
24.000 23.500 19079.0532 108.583
24.000 23.250 19118.6003 122.813
24.000 23.000 19165.7566 84.342
24.000 22.750 19207.2282 86.021
24.000 22.500 19256.5358 87.530
24.000 22.250 19307.6915 73.953
24.000 22.000 19349.8830 103.017
24.000 21.750 19400.6943 84.492
24.000 21.500 19435.7552 96.617
24.000 21.250 19492.5687 100.822
24.000 21.000 19541.4844 73.384
24.000 20.750 19596.7201 89.632
24.000 20.500 19640.6153 94.911
24.000 20.250 19687.2641 71.013
24.000 20.000 19731.8256 101.468
23.750 25.000 18859.0367 84.091
23.750 24.750 18903.9488 103.195
23.750 24.500 18948.9310 94.487
23.750 24.250 18991.9228 96.726
23.750 24.000 19030.9997 84.195
23.750 23.750 19074.4308 94.071
23.750 23.500 19126.7168 63.203
23.750 23.250 19167.5470 90.882
23.750 23.000 19215.4870 73.121
23.750 22.750 19259.2523 95.217
23.750 22.500 19311.0474 84.425
23.750 22.250 19359.0329 72.360
23.750 22.000 19408.9407 76.092
23.750 21.750 19453.8446 96.933
23.750 21.500 19509.8022 72.832
23.750 21.250 19549.2544 89.086
23.750 21.000 19599.8553 111.736
23.750 20.750 19651.1059 99.354
23.750 20.500 19706.9191 86.860
23.750 20.250 19758.6833 80.815
23.750 20.000 19799.8847 51.515
23.500 25.000 18901.2962 75.742
23.500 24.750 18947.9059 81.158
23.500 24.500 18983.3360 81.820
23.500 24.250 19033.3820 100.014
23.500 24.000 19076.1882 99.096
23.500 23.750 19121.5685 104.819
23.500 23.500 19170.0881 94.825
23.500 23.250 19216.4565 75.183
23.500 23.000 19271.9912 84.914
23.500 22.750 19313.3205 89.346
23.500 22.500 19363.2634 104.908
23.500 22.250 19411.2798 87.990
23.500 22.000 19462.5407 91.546
23.500 21.750 19514.0595 90.206
23.500 21.500 19556.7955 73.776
23.500 21.250 19617.5178 109.227
23.500 21.000 19659.6412 76.000
23.500 20.750 19712.5336 84.485
23.500 20.500 19774.2213 81.634
23.500 20.250 19829.0898 95.327
23.500 20.000 19871.1389 101.374
23.250 25.000 18946.5507 119.822
23.250 24.750 18981.6302 87.658
23.250 24.500 19035.1167 76.533
23.250 24.250 19074.7794 87.855
23.250 24.000 19116.8904 84.816
23.250 23.750 19169.1249 57.112
23.250 23.500 19219.0657 73.527
23.250 23.250 19269.5098 101.124
23.250 23.000 19314.4776 67.598
23.250 22.750 19372.1781 104.094
23.250 22.500 19408.6623 92.193
23.250 22.250 19469.1742 90.971
23.250 22.000 19515.7446 89.205
23.250 21.750 19563.2660 75.786
23.250 21.500 19621.5709 66.457
23.250 21.250 19675.9464 58.044
23.250 21.000 19729.7320 87.877
23.250 20.750 19785.0481 91.821
23.250 20.500 19822.9018 114.216
23.250 20.250 19883.9418 82.790
23.250 20.000 19940.3119 90.644
23.000 25.000 18984.3941 73.324
23.000 24.750 19022.3675 93.842
23.000 24.500 19074.0801 69.856
23.000 24.250 19124.6336 95.647
23.000 24.000 19167.5490 100.481
23.000 23.750 19222.4691 86.007
23.000 23.500 19264.5492 72.668
23.000 23.250 19313.0998 69.141
23.000 23.000 19358.2903 112.320
23.000 22.750 19412.5648 101.322
23.000 22.500 19465.3046 88.791
23.000 22.250 19510.1239 100.687
23.000 22.000 19577.3394 102.302
23.000 21.750 19623.8398 66.398
23.000 21.500 19671.8995 94.442
23.000 21.250 19730.8995 65.730
23.000 21.000 19790.5863 100.495
23.000 20.750 19845.1330 76.513
23.000 20.500 19884.3564 75.018
23.000 20.250 19944.3031 84.347
23.000 20.000 20012.6015 113.264
22.750 25.000 19013.5393 71.192
22.750 24.750 19064.7240 73.041
22.750 24.500 19119.1531 95.859
22.750 24.250 19164.5561 76.582
22.750 24.000 19208.7855 73.305
22.750 23.750 19258.7243 76.852
22.750 23.500 19317.1632 88.117
22.750 23.250 19365.8747 107.377
22.750 23.000 19410.3598 94.099
22.750 22.750 19473.3902 86.851
22.750 22.500 19528.8528 70.642
22.750 22.250 19573.4637 99.285
22.750 22.000 19625.7684 107.995
22.750 21.750 19683.8236 86.158
22.750 21.500 19739.3625 75.188
22.750 21.250 19802.0381 98.301
22.750 21.000 19838.2995 104.421
22.750 20.750 19898.0070 109.088
22.750 20.500 19960.0576 81.621
22.750 20.250 20012.1085 129.887
22.750 20.000 20075.0420 115.454
22.500 25.000 19063.0841 85.583
22.500 24.750 19107.7879 92.143
22.500 24.500 19157.0378 87.619
22.500 24.250 19203.5257 98.541
22.500 24.000 19261.6780 77.520
22.500 23.750 19313.3267 70.181
22.500 23.500 19361.7102 80.634
22.500 23.250 19413.7137 85.759
22.500 23.000 19459.1023 70.273
22.500 22.750 19526.9902 109.882
22.500 22.500 19576.0070 64.159
22.500 22.250 19630.8301 76.017
22.500 22.000 19688.4089 101.125
22.500 21.750 19743.8611 95.651
22.500 21.500 19797.2218 66.648
22.500 21.250 19850.4774 69.617
22.500 21.000 19901.2494 91.126
22.500 20.750 19964.4490 98.537
22.500 20.500 20020.6582 91.007
22.500 20.250 20083.3957 118.744
22.500 20.000 20141.0364 78.660
22.250 25.000 19101.0307 103.739
22.250 24.750 19147.9374 89.297
22.250 24.500 19201.0134 51.729
22.250 24.250 19256.9566 92.645
22.250 24.000 19296.7120 64.212
22.250 23.750 19350.2316 69.270
22.250 23.500 19410.0051 69.607
22.250 23.250 19465.7564 103.463
22.250 23.000 19511.3966 85.056
22.250 22.750 19578.8060 62.445
22.250 22.500 19625.6137 88.908
22.250 22.250 19679.3642 92.909
22.250 22.000 19738.5622 122.045
22.250 21.750 19800.4375 118.471
22.250 21.500 19851.9109 108.513
22.250 21.250 19907.5529 97.242
22.250 21.000 19974.5518 95.364
22.250 20.750 20031.6232 76.749
22.250 20.500 20085.1675 111.484
22.250 20.250 20142.7752 106.085
22.250 20.000 20208.9656 82.217
22.000 25.000 19132.6614 96.441
22.000 24.750 19192.7628 77.215
22.000 24.500 19246.3216 94.496
22.000 24.250 19301.9202 89.887
22.000 24.000 19352.3066 82.096
22.000 23.750 19395.9357 91.663
22.000 23.500 19464.8632 54.151
22.000 23.250 19523.0444 80.709
22.000 23.000 19573.3297 87.691
22.000 22.750 19634.1118 99.944
22.000 22.500 19678.1761 85.397
22.000 22.250 19733.5355 73.189
22.000 22.000 19796.5824 85.543
22.000 21.750 19850.9724 118.627
22.000 21.500 19917.4866 72.421
22.000 21.250 19976.2288 102.354
22.000 21.000 20037.6111 100.948
22.000 20.750 20092.8756 91.466
22.000 20.500 20153.6825 85.126
22.000 20.250 20208.4025 92.537
22.000 20.000 20278.8852 115.129
21.750 25.000 19176.2575 74.063
21.750 24.750 19228.9231 102.915
21.750 24.500 19289.6227 84.606
21.750 24.250 19342.0243 87.293
21.750 24.000 19398.8874 75.847
21.750 23.750 19453.3103 102.219
21.750 23.500 19506.0254 77.330
21.750 23.250 19569.6870 68.809
21.750 23.000 19630.0195 75.408
21.750 22.750 19678.6051 81.388
21.750 22.500 19740.5135 89.067
21.750 22.250 19791.4196 82.868
21.750 22.000 19857.5997 86.119
21.750 21.750 19910.2900 80.360
21.750 21.500 19977.5324 94.466
21.750 21.250 20031.4252 94.246
21.750 21.000 20085.9101 113.353
21.750 20.750 20158.4637 75.627
21.750 20.500 20221.9170 76.578
21.750 20.250 20286.9316 98.949
21.750 20.000 20349.0462 72.187
21.500 25.000 19232.6194 84.895
21.500 24.750 19271.8922 84.471
21.500 24.500 19330.7024 85.828
21.500 24.250 19390.7358 97.405
21.500 24.000 19458.0606 75.364
21.500 23.750 19501.0895 78.064
21.500 23.500 19568.5691 83.878
21.500 23.250 19624.9949 95.807
21.500 23.000 19677.2397 80.399
21.500 22.750 19745.6969 70.103
21.500 22.500 19786.5023 99.158
21.500 22.250 19855.0255 73.183
21.500 22.000 19917.5237 82.222
21.500 21.750 19981.5937 57.575
21.500 21.500 20034.5893 78.138
21.500 21.250 20098.8429 65.445
21.500 21.000 20161.1018 90.142
21.500 20.750 20221.1847 77.955
21.500 20.500 20273.6007 93.169
21.500 20.250 20343.5781 94.929
21.500 20.000 20406.6622 96.632
21.250 25.000 19274.5633 99.001
21.250 24.750 19326.8638 102.459
21.250 24.500 19374.4924 60.478
21.250 24.250 19431.5473 95.722
21.250 24.000 19490.9599 91.219
21.250 23.750 19559.0066 87.951
21.250 23.500 19611.5856 65.910
21.250 23.250 19663.8283 75.545
21.250 23.000 19732.0628 98.463
21.250 22.750 19794.7755 81.061
21.250 22.500 19849.6007 78.990
21.250 22.250 19910.7830 92.294
21.250 22.000 19971.8415 84.853
21.250 21.750 20041.7591 82.739
21.250 21.500 20091.8835 73.944
21.250 21.250 20159.5590 101.179
21.250 21.000 20219.3118 82.209
21.250 20.750 20282.2143 88.479
21.250 20.500 20349.3082 94.139
21.250 20.250 20423.1077 78.392
21.250 20.000 20482.8584 115.409
21.000 25.000 19314.1064 110.495
21.000 24.750 19368.0260 84.270
21.000 24.500 19425.5306 83.198
21.000 24.250 19478.5035 77.596
21.000 24.000 19534.8262 102.961
21.000 23.750 19606.1711 86.206
21.000 23.500 19672.4028 89.159
21.000 23.250 19723.3852 89.485
21.000 23.000 19786.8158 103.925
21.000 22.750 19847.3504 104.042
21.000 22.500 19915.4260 87.865
21.000 22.250 19975.3377 94.611
21.000 22.000 20040.7010 89.634
21.000 21.750 20094.8867 79.056
21.000 21.500 20167.7663 79.576
21.000 21.250 20221.5704 114.725
21.000 21.000 20284.4523 83.253
21.000 20.750 20346.4493 96.169
21.000 20.500 20420.0632 87.767
21.000 20.250 20484.5849 90.694
21.000 20.000 20541.6274 83.048
20.750 25.000 19349.6107 110.204
20.750 24.750 19413.9695 67.838
20.750 24.500 19473.3160 106.702
20.750 24.250 19536.2185 90.256
20.750 24.000 19587.7249 75.457
20.750 23.750 19656.2213 81.277
20.750 23.500 19711.3909 91.073
20.750 23.250 19778.8787 90.007
20.750 23.000 19829.1805 105.851
20.750 22.750 19896.8189 91.915
20.750 22.500 19964.3500 103.827
20.750 22.250 20027.8403 78.888
20.750 22.000 20089.2144 74.013
20.750 21.750 20156.6094 95.935
20.750 21.500 20215.8239 97.880
20.750 21.250 20290.0854 83.234
20.750 21.000 20351.0985 90.919
20.750 20.750 20421.6184 104.883
20.750 20.500 20482.3283 71.711
20.750 20.250 20562.3880 87.367
20.750 20.000 20618.2981 92.342
20.500 25.000 19395.1952 93.768
20.500 24.750 19454.2571 118.623
20.500 24.500 19519.6307 68.238
20.500 24.250 19581.5493 71.428
20.500 24.000 19640.3698 89.294
20.500 23.750 19707.5936 86.914
20.500 23.500 19765.9748 100.679
20.500 23.250 19830.8657 78.506
20.500 23.000 19887.7082 114.219
20.500 22.750 19952.9642 92.576
20.500 22.500 20015.7264 85.881
20.500 22.250 20092.3930 112.783
20.500 22.000 20155.4997 68.639
20.500 21.750 20204.8568 107.596
20.500 21.500 20277.1856 81.381
20.500 21.250 20348.7038 80.083
20.500 21.000 20412.5593 95.791
20.500 20.750 20482.2438 73.612
20.500 20.500 20553.3783 88.263
20.500 20.250 20618.5456 75.384
20.500 20.000 20691.7841 88.459
20.250 25.000 19449.6615 94.086
20.250 24.750 19505.3200 96.250
20.250 24.500 19565.5927 82.031
20.250 24.250 19631.8222 120.405
20.250 24.000 19690.0054 91.074
20.250 23.750 19749.2385 104.935
20.250 23.500 19824.0775 95.544
20.250 23.250 19884.0243 67.593
20.250 23.000 19948.6347 98.451
20.250 22.750 20016.2813 115.454
20.250 22.500 20078.2143 93.227
20.250 22.250 20149.8810 105.114
20.250 22.000 20204.7062 81.022
20.250 21.750 20272.8644 93.531
20.250 21.500 20347.0124 67.350
20.250 21.250 20414.7250 82.853
20.250 21.000 20486.0824 78.525
20.250 20.750 20552.2047 107.563
20.250 20.500 20621.2848 69.924
20.250 20.250 20688.4446 77.985
20.250 20.000 20755.8747 84.295
20.000 25.000 19491.1001 72.786
20.000 24.750 19545.6778 66.350
20.000 24.500 19616.6123 93.829
20.000 24.250 19685.5068 88.712
20.000 24.000 19740.7837 116.583
20.000 23.750 19806.1180 72.649
20.000 23.500 19869.5012 82.013
20.000 23.250 19941.4484 110.516
20.000 23.000 20003.7342 74.659
20.000 22.750 20063.0889 84.333
20.000 22.500 20131.3832 79.879
20.000 22.250 20210.0939 72.726
20.000 22.000 20278.4995 78.465
20.000 21.750 20347.8705 99.733
20.000 21.500 20410.9958 69.620
20.000 21.250 20481.4538 117.783
20.000 21.000 20549.1416 113.666
20.000 20.750 20609.1936 101.208
20.000 20.500 20685.3630 62.664
20.000 20.250 20756.6234 93.222
20.000 20.000 20836.4211 81.154
