20.000 20.000 21111.5226 96.256
20.000 20.250 21044.0039 61.146
20.000 20.500 20973.3747 68.049
20.000 20.750 20911.0497 66.032
20.000 21.000 20852.0003 97.973
20.000 21.250 20775.1130 94.133
20.000 21.500 20709.4940 101.768
20.000 21.750 20645.3992 88.049
20.000 22.000 20570.8613 87.549
20.000 22.250 20521.6899 105.583
20.000 22.500 20442.2140 84.598
20.250 20.000 21049.7463 75.297
20.250 20.250 20986.8108 80.952
20.250 20.500 20918.3721 72.379
20.250 20.750 20850.1521 94.722
20.250 21.000 20788.2603 84.195
20.250 21.250 20724.9102 79.361
20.250 21.500 20645.8571 98.030
20.250 21.750 20584.1035 83.165
20.250 22.000 20522.6614 86.537
20.250 22.250 20456.8361 88.981
20.250 22.500 20389.5236 82.731
20.500 20.000 20980.5981 88.343
20.500 20.250 20913.5270 75.239
20.500 20.500 20855.5294 76.269
20.500 20.750 20773.6526 88.778
20.500 21.000 20712.9180 77.786
20.500 21.250 20651.9688 78.584
20.500 21.500 20596.0628 88.481
20.500 21.750 20523.6061 119.345
20.500 22.000 20460.7427 91.814
20.500 22.250 20409.7871 63.560
20.500 22.500 20337.7264 110.721
20.750 20.000 20916.6457 79.999
20.750 20.250 20849.8365 89.929
20.750 20.500 20787.1114 119.542
20.750 20.750 20720.9829 74.105
20.750 21.000 20655.1659 75.720
20.750 21.250 20590.8154 64.984
20.750 21.500 20532.9086 76.892
20.750 21.750 20471.3035 76.460
20.750 22.000 20400.2205 98.647
20.750 22.250 20339.5353 98.220
20.750 22.500 20284.3244 97.481
21.000 20.000 20844.9728 88.021
21.000 20.250 20785.4881 82.965
21.000 20.500 20719.2998 81.726
21.000 20.750 20657.9030 71.291
21.000 21.000 20590.5142 108.364
21.000 21.250 20536.4935 100.482
21.000 21.500 20464.1090 95.881
21.000 21.750 20408.3412 79.723
21.000 22.000 20346.7917 72.234
21.000 22.250 20277.2537 104.292
21.000 22.500 20224.1900 78.565
21.250 20.000 20780.4697 61.746
21.250 20.250 20722.1524 89.552
21.250 20.500 20656.8284 94.855
21.250 20.750 20599.8601 103.511
21.250 21.000 20527.1229 71.327
21.250 21.250 20468.2879 104.542
21.250 21.500 20413.6030 108.318
21.250 21.750 20345.1684 92.004
21.250 22.000 20288.1672 96.330
21.250 22.250 20228.5381 86.296
21.250 22.500 20171.9720 125.480
21.500 20.000 20710.2840 84.937
21.500 20.250 20649.3224 96.647
21.500 20.500 20590.4090 91.132
21.500 20.750 20525.7058 91.754
21.500 21.000 20470.3918 75.609
21.500 21.250 20408.1143 84.010
21.500 21.500 20349.6836 104.202
21.500 21.750 20287.8990 103.411
21.500 22.000 20228.4535 121.088
21.500 22.250 20161.0647 98.426
21.500 22.500 20116.6559 96.921
21.750 20.000 20641.4328 72.899
21.750 20.250 20584.1365 110.572
21.750 20.500 20528.1109 94.267
21.750 20.750 20468.2033 76.953
21.750 21.000 20407.5738 97.089
21.750 21.250 20348.7059 97.726
21.750 21.500 20293.0412 111.087
21.750 21.750 20236.6443 65.954
21.750 22.000 20171.7719 69.664
21.750 22.250 20115.4204 76.780
21.750 22.500 20064.6029 105.865
22.000 20.000 20581.6820 87.820
22.000 20.250 20522.1684 93.688
22.000 20.500 20462.2010 110.717
22.000 20.750 20410.5007 99.205
22.000 21.000 20339.4673 99.263
22.000 21.250 20285.0814 106.570
22.000 21.500 20234.4723 87.544
22.000 21.750 20177.1657 85.054
22.000 22.000 20130.3313 73.059
22.000 22.250 20063.0827 114.127
22.000 22.500 20014.5136 80.165
22.250 20.000 20509.5739 85.428
22.250 20.250 20448.5071 100.495
22.250 20.500 20397.7226 80.893
22.250 20.750 20337.7965 100.779
22.250 21.000 20287.6123 81.716
22.250 21.250 20228.3854 77.886
22.250 21.500 20179.3728 77.157
22.250 21.750 20131.0614 85.392
22.250 22.000 20074.2231 86.120
22.250 22.250 20012.9893 83.072
22.250 22.500 19960.6104 83.953
22.500 20.000 20452.8572 83.343
22.500 20.250 20395.6414 102.645
22.500 20.500 20340.3728 77.777
22.500 20.750 20269.7168 94.064
22.500 21.000 20218.7302 67.898
22.500 21.250 20176.1942 84.172
22.500 21.500 20115.8762 71.998
22.500 21.750 20069.7368 94.974
22.500 22.000 20009.1961 94.292
22.500 22.250 19949.8578 52.962
22.500 22.500 19907.5550 81.383
